6 0.06111111111111111 0.291358024691358 0.04722222222222222 0.1580246913580247
6 0.225 0.3135802469135803 0.04722222222222222 0.16790123456790124
6 0.2777777777777778 0.16296296296296298 0.05 0.14320987654320988
2 0.4361111111111111 0.32469135802469135 0.04722222222222222 0.17037037037037037
2 0.30833333333333335 0.9111111111111111 0.1111111111111111 0.1728395061728395
2 0.2604166666666667 0.6407407407407407 0.07916666666666666 0.19506172839506172
2 0.10208333333333333 0.09753086419753086 0.04583333333333333 0.1308641975308642
4 0.5756944444444444 0.06049382716049383 0.13194444444444445 0.12098765432098765
4 0.8659722222222223 0.5432098765432098 0.2652777777777778 0.37037037037037035
0 0.89375 0.21975308641975308 0.20972222222222223 0.2518518518518518
