0 0.37569444444444444 0.5 0.18194444444444444 0.37777777777777777
0 0.8944444444444445 0.2802469135802469 0.20833333333333334 0.362962962962963
2 0.2659722222222222 0.22469135802469137 0.14583333333333334 0.11358024691358025
4 0.6229166666666667 0.18641975308641975 0.15694444444444444 0.24938271604938272
2 0.4965277777777778 0.8074074074074075 0.09305555555555556 0.2617283950617284
6 0.6944444444444444 0.43580246913580245 0.10277777777777777 0.2
4 0.3597222222222222 0.13333333333333333 0.16111111111111112 0.1580246913580247
2 0.7361111111111112 0.1506172839506173 0.08055555555555556 0.12345679012345678
0 0.2465277777777778 0.03827160493827161 0.07916666666666666 0.07654320987654321
4 0.05694444444444444 0.24691358024691357 0.11388888888888889 0.2617283950617284
