2 0.21597222222222223 0.6061728395061728 0.07916666666666666 0.254320987654321
2 0.4305555555555556 0.6888888888888889 0.11944444444444445 0.3160493827160494
2 0.3541666666666667 0.40370370370370373 0.08888888888888889 0.21481481481481482
6 0.2076388888888889 0.26049382716049385 0.059722222222222225 0.14074074074074075
6 0.05694444444444444 0.25555555555555554 0.058333333333333334 0.19506172839506172
6 0.6041666666666666 0.645679012345679 0.10833333333333334 0.28888888888888886
0 0.6618055555555555 0.4049382716049383 0.17916666666666667 0.37530864197530867
0 0.8979166666666667 0.2691358024691358 0.2013888888888889 0.4
0 0.5708333333333333 0.13703703703703704 0.23333333333333334 0.20493827160493827
4 0.06388888888888888 0.13950617283950617 0.125 0.17530864197530865
