0 0.43194444444444446 0.7333333333333333 0.24722222222222223 0.5135802469135803
6 0.7729166666666667 0.7851851851851852 0.12361111111111112 0.34074074074074073
0 0.925 0.42098765432098767 0.14722222222222223 0.36790123456790125
6 0.6673611111111111 0.2777777777777778 0.06805555555555555 0.16049382716049382
6 0.4486111111111111 0.2111111111111111 0.12222222222222222 0.16049382716049382
6 0.35555555555555557 0.42098765432098767 0.06944444444444445 0.1259259259259259
2 0.24861111111111112 0.2382716049382716 0.03888888888888889 0.1259259259259259
2 0.17152777777777778 0.21851851851851853 0.0375 0.14074074074074075
2 0.6652777777777777 0.10987654320987654 0.14722222222222223 0.13580246913580246
4 0.05347222222222222 0.2506172839506173 0.10138888888888889 0.23950617283950618
