2 0.10902777777777778 0.38765432098765434 0.05416666666666667 0.2123456790123457
2 0.2111111111111111 0.22469135802469137 0.04722222222222222 0.1580246913580247
2 0.02361111111111111 0.2654320987654321 0.03888888888888889 0.14074074074074075
2 0.1326388888888889 0.2222222222222222 0.04027777777777778 0.1580246913580247
6 0.24166666666666667 0.09506172839506173 0.041666666666666664 0.1308641975308642
6 0.5916666666666667 0.17037037037037037 0.13055555555555556 0.15308641975308643
6 0.16111111111111112 0.11975308641975309 0.041666666666666664 0.1308641975308642
0 0.6729166666666667 0.09382716049382717 0.06527777777777778 0.18765432098765433
0 0.8027777777777778 0.7111111111111111 0.25833333333333336 0.5333333333333333
0 0.8895833333333333 0.28271604938271605 0.19305555555555556 0.37777777777777777
6 0.44722222222222224 0.9074074074074074 0.13055555555555556 0.18024691358024691
