4 0.09930555555555555 0.5493827160493827 0.1986111111111111 0.39753086419753086
2 0.2652777777777778 0.5049382716049383 0.06388888888888888 0.22469135802469137
2 0.44027777777777777 0.5222222222222223 0.07777777777777778 0.20987654320987653
6 0.85625 0.8728395061728395 0.07916666666666666 0.24938271604938272
6 0.4270833333333333 0.2111111111111111 0.07916666666666666 0.16049382716049382
6 0.50625 0.25308641975308643 0.09583333333333334 0.13580246913580246
4 0.08402777777777778 0.19135802469135801 0.14305555555555555 0.2740740740740741
6 0.16458333333333333 0.31234567901234567 0.0625 0.17530864197530865
0 0.9166666666666666 0.4283950617283951 0.1638888888888889 0.37777777777777777
2 0.5659722222222222 0.1271604938271605 0.09305555555555556 0.12098765432098765
2 0.1875 0.10123456790123457 0.04722222222222222 0.12345679012345678
