2 0.1326388888888889 0.2938271604938272 0.059722222222222225 0.18271604938271604
6 0.3736111111111111 0.39012345679012345 0.06666666666666667 0.1925925925925926
6 0.3729166666666667 0.7790123456790123 0.10694444444444444 0.2839506172839506
6 0.7048611111111112 0.8975308641975308 0.08194444444444444 0.2
6 0.08263888888888889 0.13703703703703704 0.034722222222222224 0.12098765432098765
2 0.1361111111111111 0.07777777777777778 0.03333333333333333 0.10617283950617284
2 0.7854166666666667 0.7839506172839507 0.08472222222222223 0.25925925925925924
4 0.5805555555555556 0.05925925925925926 0.14444444444444443 0.11851851851851852
0 0.8944444444444445 0.2716049382716049 0.20833333333333334 0.3506172839506173
4 0.044444444444444446 0.3654320987654321 0.08888888888888889 0.291358024691358
