2 0.6805555555555556 0.7049382716049383 0.21666666666666667 0.30864197530864196
2 0.7923611111111111 0.4901234567901235 0.1375 0.21481481481481482
2 0.46597222222222223 0.4049382716049383 0.09861111111111111 0.20246913580246914
2 0.16527777777777777 0.3925925925925926 0.09444444444444444 0.19753086419753085
2 0.6659722222222222 0.3790123456790123 0.09861111111111111 0.19012345679012346
2 0.9430555555555555 0.4925925925925926 0.1111111111111111 0.18024691358024691
6 0.24722222222222223 0.34814814814814815 0.07777777777777778 0.20246913580246914
6 0.5465277777777777 0.37777777777777777 0.0763888888888889 0.19753086419753085
0 0.35138888888888886 0.22592592592592592 0.11666666666666667 0.2691358024691358
4 0.16875 0.16913580246913582 0.1375 0.18518518518518517
