2 0.8409722222222222 0.591358024691358 0.1736111111111111 0.23950617283950618
6 0.7784722222222222 0.37407407407407406 0.09861111111111111 0.16049382716049382
2 0.3451388888888889 0.591358024691358 0.13472222222222222 0.24444444444444444
4 0.2423611111111111 0.31234567901234567 0.16527777777777777 0.3037037037037037
6 0.08819444444444445 0.30617283950617286 0.05416666666666667 0.17777777777777778
4 0.275 0.08518518518518518 0.1 0.17037037037037037
6 0.3326388888888889 0.17777777777777778 0.04027777777777778 0.1037037037037037
4 0.5222222222222223 0.2518518518518518 0.1388888888888889 0.23703703703703705
2 0.4444444444444444 0.32469135802469135 0.08333333333333333 0.15555555555555556
6 0.3736111111111111 0.32222222222222224 0.06388888888888888 0.19506172839506172
2 0.6819444444444445 0.28888888888888886 0.075 0.14814814814814814
6 0.6270833333333333 0.24814814814814815 0.05138888888888889 0.14074074074074075
