2 0.45208333333333334 0.4 0.10138888888888889 0.19753086419753085
2 0.11597222222222223 0.4641975308641975 0.0875 0.23209876543209876
2 0.5659722222222222 0.37530864197530867 0.0875 0.18271604938271604
2 0.6527777777777778 0.3802469135802469 0.09722222222222222 0.18765432098765433
6 0.9138888888888889 0.5679012345679012 0.15555555555555556 0.23703703703703705
6 0.24375 0.3432098765432099 0.0875 0.20246913580246914
6 0.36666666666666664 0.27901234567901234 0.058333333333333334 0.16790123456790124
0 0.30486111111111114 0.18271604938271604 0.07916666666666666 0.2271604938271605
7 0.4513888888888889 0.15185185185185185 0.125 0.254320987654321
4 0.1625 0.18641975308641975 0.11388888888888889 0.23950617283950618
