6 0.5541666666666667 0.49506172839506174 0.1111111111111111 0.21975308641975308
6 0.9256944444444445 0.4185185185185185 0.1125 0.19012345679012346
2 0.4222222222222222 0.36790123456790125 0.09722222222222222 0.1728395061728395
2 0.3527777777777778 0.26296296296296295 0.06111111111111111 0.1506172839506173
2 0.5881944444444445 0.29259259259259257 0.0763888888888889 0.1506172839506173
2 0.6513888888888889 0.2814814814814815 0.05277777777777778 0.14320987654320988
2 0.34444444444444444 0.11234567901234568 0.03888888888888889 0.0962962962962963
2 0.4270833333333333 0.09259259259259259 0.04583333333333333 0.10617283950617284
2 0.48333333333333334 0.19506172839506172 0.03611111111111111 0.10864197530864197
6 0.5166666666666667 0.08024691358024691 0.027777777777777776 0.10617283950617284
