2 0.5486111111111112 0.4506172839506173 0.08611111111111111 0.21481481481481482
4 0.2520833333333333 0.30493827160493825 0.19305555555555556 0.3135802469135803
6 0.36944444444444446 0.30987654320987656 0.05 0.19012345679012346
2 0.425 0.30987654320987656 0.06944444444444445 0.17037037037037037
6 0.7819444444444444 0.3814814814814815 0.09722222222222222 0.2
2 0.6770833333333334 0.29259259259259257 0.08194444444444444 0.15555555555555556
2 0.10208333333333333 0.4024691358024691 0.05694444444444444 0.19753086419753085
4 0.2569444444444444 0.10123456790123457 0.11388888888888889 0.1580246913580247
4 0.34652777777777777 0.07160493827160494 0.07916666666666666 0.14320987654320988
2 0.42083333333333334 0.11358024691358025 0.03888888888888889 0.09876543209876543
