4 0.6430555555555556 0.737037037037037 0.3416666666666667 0.3728395061728395
6 0.24583333333333332 0.8 0.1638888888888889 0.32592592592592595
2 0.13958333333333334 0.5246913580246914 0.08472222222222223 0.22469135802469137
0 0.3347222222222222 0.27901234567901234 0.11944444444444445 0.3160493827160494
4 0.4479166666666667 0.1765432098765432 0.12083333333333333 0.22469135802469137
6 0.7131944444444445 0.3012345679012346 0.04861111111111111 0.13333333333333333
2 0.6576388888888889 0.44074074074074077 0.05416666666666667 0.18024691358024691
2 0.49930555555555556 0.47530864197530864 0.0625 0.17037037037037037
4 0.5368055555555555 0.06172839506172839 0.09027777777777778 0.12345679012345678
0 0.5763888888888888 0.23950617283950618 0.1111111111111111 0.23209876543209876
